8.76402e-05 1.1848 
8.76402e-05 1.1848 
8.76402e-05 1.1848 
8.76402e-05 1.1848 
8.76402e-05 1.1848 
8.76402e-05 1.1848 
8.76402e-05 1.1848 
0.00181773 1.17497 
0.0997724 1.14163 
0.121222 1.13 
0.135133 1.122 
0.398731 0.894881 
0.412637 0.878535 
0.434116 0.852351 
0.51156 0.738309 
0.519449 0.730176 
0.519716 0.729899 
0.521726 0.727806 
0.528231 0.723429 
0.532045 0.7177 
0.53375 0.715114 
0.533768 0.715096 
0.533768 0.715095 
0.533769 0.715094 
0.53377 0.715094 
0.53377 0.715093 
0.53377 0.715093 
0.533771 0.715093 
0.533771 0.715093 
0.533771 0.715093 
0.533771 0.715093 
0.533771 0.715092 
0.533771 0.715092 
0.533771 0.715092 
0.533771 0.715092 
0.533771 0.715092 
0.533771 0.715092 
0.533771 0.715092 
0.533771 0.715092 
0.533771 0.715092 
0.533771 0.715092 
0.533772 0.715092 
0.533772 0.715092 
0.533772 0.715091 
0.533772 0.715091 
0.533772 0.715091 
0.533772 0.715091 
0.533772 0.715091 
0.533772 0.715091 
0.533773 0.71509 
0.533773 0.71509 
0.533773 0.71509 
0.533773 0.71509 
0.533773 0.71509 
0.533773 0.71509 
0.533773 0.71509 
0.533773 0.71509 
0.533773 0.71509 
0.533773 0.715089 
0.533774 0.715089 
0.533774 0.715089 
0.533774 0.715089 
0.533774 0.715089 
0.533774 0.715089 
0.533774 0.715089 
0.533774 0.715089 
0.533775 0.715089 
0.533775 0.715089 
0.533775 0.715088 
0.533775 0.715088 
0.533775 0.715088 
0.533775 0.715088 
0.533775 0.715088 
0.533775 0.715088 
0.533775 0.715088 
0.533775 0.715088 
0.533776 0.715087 
0.533776 0.715087 
0.533776 0.715087 
0.533776 0.715087 
0.533776 0.715087 
0.533776 0.715087 
0.533776 0.715087 
0.533776 0.715086 
0.533776 0.715086 
0.533776 0.715086 
0.533777 0.715086 
0.533777 0.715086 
0.533777 0.715086 
0.533777 0.715086 
0.533777 0.715086 
0.533777 0.715085 
0.533778 0.715085 
0.533778 0.715085 
0.533779 0.715083 
0.53378 0.715082 
0.533795 0.715067 
0.533796 0.715065 
0.533797 0.715065 
0.533798 0.715064 
0.533799 0.715062 
0.533799 0.715062 
0.533799 0.715062 
0.5338 0.715061 
0.5338 0.715061 
0.5338 0.715061 
0.5338 0.715061 
0.5338 0.715061 
0.5338 0.715061 
0.5338 0.715061 
0.5338 0.715061 
0.5338 0.715061 
0.533801 0.71506 
0.533801 0.71506 
0.533801 0.71506 
0.533801 0.71506 
0.533801 0.71506 
0.533801 0.71506 
0.533801 0.71506 
0.533801 0.71506 
0.533802 0.71506 
0.533802 0.715059 
0.533802 0.715059 
0.533803 0.715059 
0.533803 0.715058 
0.533803 0.715058 
0.533804 0.715057 
0.533805 0.715056 
0.533806 0.715055 
0.533806 0.715055 
0.533806 0.715054 
0.533807 0.715053 
0.533808 0.715053 
0.533808 0.715053 
0.533824 0.715036 
0.539943 0.708465 
0.5473 0.700466 
0.551454 0.695902 
0.554002 0.693086 
0.560796 0.685511 
0.634141 0.614963 
0.868836 0.304553 
0.999942 0.0232844 
117.133 3.56302s
