3.298544667303730193e+00
5.789452098788444800e+00
4.752261390489564974e-01
5.391164476291521623e+00
6.703405425180434918e+00
6.916560286620409670e+00
1.030149146382794356e+01
1.619110941799675629e+00
6.774190523293839306e+00
7.930553929372763378e+00
1.765669734297219406e+00
3.704594776468127293e+00
4.512531622608548787e-01
1.086596624900650454e+00
2.116826279254581777e+00
5.141550171657840451e+00
1.094505182655439057e+00
1.268071806319369443e+00
6.141286524448389628e+00
8.011653407835083840e+00
3.009567155427092189e+00
