8.107207809811868060e+00
2.817721478036872895e+00
2.752137314076577468e+00
3.701422636720351989e+00
4.045532332556589949e+00
4.101238436428417344e+00
9.703071829617741173e+00
7.053875327737728185e+00
3.392027822294252815e+00
3.254460604783744770e+00
1.104618196695419385e+01
5.378386907515434245e+00
1.061083461662633454e+01
1.097679834920516839e+01
3.007597562929106516e+00
2.748345938881570305e+00
2.622370654266163115e+00
2.722153485215315527e+00
2.518649057870788965e+00
6.442089520234844713e+00
3.473458901172719493e+00
