1.344201111990696518e+01
8.996591794128349306e+00
1.137378213551937733e+01
1.033530885168383406e+01
1.163829386196934479e+01
1.374086287268085016e+01
1.238873345367623813e+01
1.375144484201823047e+01
1.427316853438838962e+01
1.174405852294654551e+00
1.159144441429320693e+01
7.487178480643365219e+00
1.035969086727310184e+01
1.137378213551937733e+01
1.254141919491142687e+01
1.013414949963627976e+01
1.495299260532878804e+01
1.174405852294654551e+00
1.163829386196934479e+01
1.035969086727310184e+01
