8.746114653448927356e+00
6.855428473482589879e-01
5.286009828127546939e+00
1.480663503640798240e+00
8.211858239904472612e-01
1.070343440991564421e+00
3.655249203285507065e+00
6.988858316881447763e-01
2.382842290347824132e+00
2.360458696054692496e+00
1.742157459576063161e+00
6.347283470217618628e+00
2.418888253539051902e+00
3.043579143989035174e+00
7.155249411817550254e-01
1.297230177634062898e+00
4.947013488423507965e+00
1.954438777504066138e-01
9.916409790142992620e+00
2.047372148669609260e+00
3.115261578087896055e+00
